0.62533 0.91066 1.09026 0.50839 1.08499 1.49233 0.95561 0.99219
0.40228 0.76030 0.74472 0.37802 1.02177 1.25379 0.81843 0.75463
-0.29677 -0.57026 -0.46117 -0.21864 -0.88402 -1.13459 -0.71170 -0.59710
-0.15557 0.18021 -0.22555 -0.21631 0.37443 0.14023 -0.10399 -0.34359
-0.26412 -0.42986 -0.62893 -0.31129 -0.31886 -0.32535 -0.22695 -0.33061
0.09873 0.31183 0.37572 0.30199 0.34487 0.27516 0.31512 0.34501
0.67703 0.38559 0.69292 0.02126 0.35719 1.12596 0.41729 0.53067
0.89333 0.11565 1.03687 0.29511 -0.29146 0.74461 0.39401 0.87773
1.01442 0.20987 1.44197 0.70312 -0.30634 0.75278 0.68765 1.35583
0.31481 -0.64941 0.05086 -0.01364 -1.01165 -0.27856 -0.08188 0.32233
