-6.387293073803002041e-02 3.812713117336249263e-02 2.574579956466752778e-02
-7.119017239654866491e-02 2.254413803464389715e-02 4.864603436190477470e-02
-5.383940385681183077e-02 3.105718595618683908e-02 2.278221790062499516e-02
1.522588220007982385e-02 -4.820554795433540374e-02 3.297966575425558683e-02
-8.192655459288232522e-02 3.713752523551476503e-02 4.478902935736756019e-02
2.203522987690946511e-02 5.378555668367215881e-02 -7.582078656058161004e-02
1.390272061738674972e-02 6.079696424805043631e-02 -7.469968486543719643e-02
2.018519826620435165e-02 3.040648826693359216e-02 -5.059168653313794034e-02
-6.794037513724646149e-02 5.219230497374950650e-02 1.574807016349693764e-02
-6.235704411454308371e-02 1.105987907900804826e-02 5.129716503553502505e-02
