6.146379174499999598e-01 1.382014772290000026e-01 -1.856334055480000078e-01 -8.616660090900000180e-01
3.948575462889999943e-01 -9.291463464389999871e-02 4.441111989409999850e-01 7.327646518570000156e-01
9.510430100060000003e-01 7.116066847849999988e-01 -9.765718316300000534e-01 -2.800438710429999922e-01
4.599811248480000225e-01 -6.567406454769999513e-01 4.207321240829999670e-02 0.000000000000000000e+00
-6.000069502070000116e-01 -9.629564110789999853e-01 5.873954067150000125e-01 -5.521506238790000465e-01
-3.092966386059999850e-01 0.000000000000000000e+00 4.088288038469999885e-01 0.000000000000000000e+00
-6.706116870039999789e-01 0.000000000000000000e+00 1.544571772080000072e-01 0.000000000000000000e+00
0.000000000000000000e+00 0.000000000000000000e+00 0.000000000000000000e+00 0.000000000000000000e+00
4.602440590340000082e-01 -3.761100090410000041e-01 -2.035578755680000074e-01 0.000000000000000000e+00
-6.276139882390000535e-01 0.000000000000000000e+00 0.000000000000000000e+00 0.000000000000000000e+00
