1.356547621300000062e+00 1.457713944240000004e+00 1.501099657889999994e+00 1.529961621490000034e+00
1.465072298549999985e+00 1.548608215120000076e-01 8.153619566869999558e-01 1.046522794179999938e+00
2.262199020000000171e+00 1.794510575219999904e+00 2.930344109970000055e+00 1.312369603400000084e+00
2.368270222880000109e-01 2.356709959319999992e-01 8.185874106660000482e-01 0.000000000000000000e+00
8.177472431240000450e-01 4.970368627249999727e-01 1.687087082069999910e+00 7.911417993699999540e-01
7.678008168409999890e-01 0.000000000000000000e+00 4.538678619459999841e-01 0.000000000000000000e+00
2.297763884129999934e-01 0.000000000000000000e+00 2.336070242770000027e-01 0.000000000000000000e+00
0.000000000000000000e+00 0.000000000000000000e+00 0.000000000000000000e+00 0.000000000000000000e+00
6.932329760940000307e-01 2.805239168179999854e-01 1.111320848789999927e+00 0.000000000000000000e+00
2.344540747680000092e-01 0.000000000000000000e+00 0.000000000000000000e+00 0.000000000000000000e+00
